MODEL GENERATED BY PB3D
5 6 6
5 9
3

1
1
1
5.000e+00 3.000e-01
1.000e+00
KOBEEW.ACC
KOBENS.ACC

8 8 2 4 1 1

1 0.000e+00 0.000e+00 0.000e+00
2 3.000e+03 0.000e+00 0.000e+00
3 3.000e+03 3.000e+03 0.000e+00
4 0.000e+00 3.000e+03 0.000e+00
5 0.000e+00 0.000e+00 3.000e+03
6 3.000e+03 0.000e+00 3.000e+03
7 3.000e+03 3.000e+03 3.000e+03
8 0.000e+00 3.000e+03 3.000e+03

1 1.200e+01 5.000e-01 1.050e+02 1.050e+02

2.800e+02 4.500e+00 2.000e+02 4.500e-01 5.000e+00 1.350e+02
2.500e-01 2.000e-03 1.600e+00 5.000e-02 5.000e+01 3.000e-01
1.000e+00 2.000e+03 2.000e+00 2.000e+03 1.000e+03 0.000e+00

1 1 1 5 1
2 1 2 6 1
3 1 3 7 1
4 1 4 8 1
5 1 5 6 1
6 1 6 7 1
7 1 8 7 1
8 1 5 8 1

9 2 5 7 1
10 2 8 6 1

11 1 6 1 1
12 2 7 1 2
13 4 7 1 1
14 1 8 1 2

4 ! TOTAL NUMBER OF NODES APPILED WITH MASS
1 5 2.000e+02
2 6 2.000e+02
3 7 2.000e+02
4 8 2.000e+02

4 ! TOTAL NUMBER OF NODES APPLIED WITH BC
1 1 3 0 1 2 3 0 0 0
2 2 3 0 1 2 3 0 0 0
3 3 3 0 1 2 3 0 0 0
4 4 3 0 1 2 3 0 0 0

4 ! NUMBER OF NODES USED FOR CALCULATING BASE SHEAR
1 2 3 4

1.000e-03 1.000e-03 1.000e-03
1.000e-03 1.000e-02 1.000e-04
