MODEL GENERATED BY PB3D
5 6 6
5 9
3

1
0
1
4.000e+00 3.000e-01
1.000e+00
CMHS71.ACC

70 99 60 18 3 2

1 0.000e+00 0.000e+00 0.000e+00
2 3.000e+03 0.000e+00 0.000e+00
3 6.000e+03 0.000e+00 0.000e+00
4 9.000e+03 0.000e+00 0.000e+00
5 1.200e+04 0.000e+00 0.000e+00
6 1.500e+04 0.000e+00 0.000e+00
7 0.000e+00 2.400e+03 0.000e+00
8 6.000e+03 2.400e+03 0.000e+00
9 9.000e+03 2.400e+03 0.000e+00
10 1.500e+04 2.400e+03 0.000e+00
11 0.000e+00 4.800e+03 0.000e+00
12 1.500e+04 4.800e+03 0.000e+00
13 0.000e+00 6.000e+03 0.000e+00
14 3.000e+03 6.000e+03 0.000e+00
15 1.200e+04 6.000e+03 0.000e+00
16 1.500e+04 6.000e+03 0.000e+00
17 0.000e+00 7.200e+03 0.000e+00
18 1.500e+04 7.200e+03 0.000e+00
19 0.000e+00 9.600e+03 0.000e+00
20 6.000e+03 9.600e+03 0.000e+00
21 9.000e+03 9.600e+03 0.000e+00
22 1.500e+04 9.600e+03 0.000e+00
23 0.000e+00 1.200e+04 0.000e+00
24 3.000e+03 1.200e+04 0.000e+00
25 6.000e+03 1.200e+04 0.000e+00
26 9.000e+03 1.200e+04 0.000e+00
27 1.200e+04 1.200e+04 0.000e+00
28 1.500e+04 1.200e+04 0.000e+00
29 0.000e+00 0.000e+00 2.600e+03
30 3.000e+03 0.000e+00 2.600e+03
31 6.000e+03 0.000e+00 2.600e+03
32 9.000e+03 0.000e+00 2.600e+03
33 1.200e+04 0.000e+00 2.600e+03
34 1.500e+04 0.000e+00 2.600e+03
35 0.000e+00 2.400e+03 2.600e+03
36 3.000e+03 2.400e+03 2.600e+03
37 6.000e+03 2.400e+03 2.600e+03
38 9.000e+03 2.400e+03 2.600e+03
39 1.200e+04 2.400e+03 2.600e+03
40 1.500e+04 2.400e+03 2.600e+03
41 0.000e+00 4.800e+03 2.600e+03
42 3.000e+03 4.800e+03 2.600e+03
43 6.000e+03 4.800e+03 2.600e+03
44 9.000e+03 4.800e+03 2.600e+03
45 1.200e+04 4.800e+03 2.600e+03
46 1.500e+04 4.800e+03 2.600e+03
47 0.000e+00 6.000e+03 2.600e+03
48 3.000e+03 6.000e+03 2.600e+03
49 6.000e+03 6.000e+03 2.600e+03
50 9.000e+03 6.000e+03 2.600e+03
51 1.200e+04 6.000e+03 2.600e+03
52 1.500e+04 6.000e+03 2.600e+03
53 0.000e+00 7.200e+03 2.600e+03
54 3.000e+03 7.200e+03 2.600e+03
55 6.000e+03 7.200e+03 2.600e+03
56 9.000e+03 7.200e+03 2.600e+03
57 1.200e+04 7.200e+03 2.600e+03
58 1.500e+04 7.200e+03 2.600e+03
59 0.000e+00 9.600e+03 2.600e+03
60 3.000e+03 9.600e+03 2.600e+03
61 6.000e+03 9.600e+03 2.600e+03
62 9.000e+03 9.600e+03 2.600e+03
63 1.200e+04 9.600e+03 2.600e+03
64 1.500e+04 9.600e+03 2.600e+03
65 0.000e+00 1.200e+04 2.600e+03
66 3.000e+03 1.200e+04 2.600e+03
67 6.000e+03 1.200e+04 2.600e+03
68 9.000e+03 1.200e+04 2.600e+03
69 1.200e+04 1.200e+04 2.600e+03
70 1.500e+04 1.200e+04 2.600e+03

1 8.000e+00 5.000e-01 9.000e+01 1.400e+02
2 8.000e+00 5.000e-01 9.000e+01 1.400e+02
2 8.000e+00 5.000e-01 5.000e+01 5.000e+01

2.000e+02 4.000e+00 2.000e+02 2.500e-01 1.000e+01 1.500e+02
1.155e+00 8.000e-03 1.400e+00 2.328e+00 2.125e+01 3.000e-01
1.000e+03 1.000e+02 1.000e+01 2.000e+02 1.000e+00 0.000e+00

2.000e+02 4.000e+00 2.000e+02 2.500e-01 1.000e+01 1.500e+02
2.250e+00 7.000e-03 1.400e+00 4.313e+00 2.324e+01 3.000e-01
1.000e+03 1.000e+02 1.000e+01 2.000e+02 1.000e+00 0.000e+00

1 1 1 29 1
2 1 2 30 1
3 1 3 31 1
4 1 4 32 1
5 1 5 33 1
6 1 6 34 1
7 1 7 35 1
8 1 8 37 1
9 1 9 38 1
10 1 10 40 1
11 1 11 41 1
12 1 12 46 1
13 1 13 47 1
14 1 14 48 1
15 1 15 51 1
16 1 16 52 1
17 1 17 53 1
18 1 18 58 1
19 1 19 59 1
20 1 20 61 1
21 1 21 62 1
22 1 22 64 1
23 1 23 65 1
24 1 24 66 1
25 1 25 67 1
26 1 26 68 1
27 1 27 69 1
28 1 28 70 1
29 1 29 30 2
30 1 30 31 2
31 1 31 32 2
32 1 32 33 2
33 1 33 34 2
34 1 35 36 2
35 1 36 37 2
36 1 37 38 2
37 1 38 39 2
38 1 39 40 2
39 1 41 42 2
40 1 42 43 2
41 1 43 44 2
42 1 44 45 2
43 1 45 46 2
44 1 47 48 2
45 1 48 49 2
46 1 49 50 2
47 1 50 51 2
48 1 51 52 2
49 1 53 54 2
50 1 54 55 2
51 1 55 56 2
52 1 56 57 2
53 1 57 58 2
54 1 59 60 2
55 1 60 61 2
56 1 61 62 2
57 1 62 63 2
58 1 63 64 2
59 1 65 66 2
60 1 66 67 2
61 1 67 68 2
62 1 68 69 2
63 1 69 70 2
64 1 29 35 2
65 1 30 36 2
66 1 31 37 2
67 1 32 38 2
68 1 33 39 2
69 1 34 40 2
70 1 35 41 2
71 1 36 42 2
72 1 37 43 2
73 1 38 44 2
74 1 39 45 2
75 1 40 46 2
76 1 41 47 2
77 1 42 48 2
78 1 43 49 2
79 1 44 50 2
80 1 45 51 2
81 1 46 52 2
82 1 47 53 2
83 1 48 54 2
84 1 49 55 2
85 1 50 56 2
86 1 51 57 2
87 1 52 58 2
88 1 53 59 2
89 1 54 60 2
90 1 55 61 2
91 1 56 62 2
92 1 57 63 2
93 1 58 64 2
94 1 59 65 2
95 1 60 66 2
96 1 61 67 2
97 1 62 68 2
98 1 63 69 2
99 1 64 70 2

100 2 29 36 3
101 2 30 37 3
102 2 31 38 3
103 2 32 39 3
104 2 33 40 3
105 2 35 42 3
106 2 36 43 3
107 2 37 44 3
108 2 38 45 3
109 2 39 46 3
110 2 41 48 3
111 2 42 49 3
112 2 43 50 3
113 2 44 51 3
114 2 45 52 3
115 2 47 54 3
116 2 48 55 3
117 2 49 56 3
118 2 50 57 3
119 2 51 58 3
120 2 53 60 3
121 2 54 61 3
122 2 55 62 3
123 2 56 63 3
124 2 57 64 3
125 2 59 66 3
126 2 60 67 3
127 2 61 68 3
128 2 62 69 3
129 2 63 70 3
130 2 30 35 3
131 2 31 36 3
132 2 32 37 3
133 2 33 38 3
134 2 34 39 3
135 2 36 41 3
136 2 37 42 3
137 2 38 43 3
138 2 39 44 3
139 2 40 45 3
140 2 42 47 3
141 2 43 48 3
142 2 44 49 3
143 2 45 50 3
144 2 46 51 3
145 2 48 53 3
146 2 49 54 3
147 2 50 55 3
148 2 51 56 3
149 2 52 57 3
150 2 54 59 3
151 2 55 60 3
152 2 56 61 3
153 2 57 62 3
154 2 58 63 3
155 2 60 65 3
156 2 61 66 3
157 2 62 67 3
158 2 63 68 3
159 2 64 69 3

160 1 30 1 1
161 3 32 1 1
162 5 34 1 1
163 13 48 2 1
164 15 52 2 1
165 23 66 1 1
166 25 68 1 1
167 27 70 1 1
168 1 35 1 2
169 11 53 1 2
170 19 65 1 2
171 3 37 2 2
172 20 67 2 2
173 4 38 2 2
174 21 68 2 2
175 6 40 1 2
176 12 58 1 2
177 22 70 1 2

42 ! TOTAL NUMBER OF NODES APPILED WITH MASS
1 29 4.900e+02
2 30 4.900e+02
3 31 4.900e+02
4 32 4.900e+02
5 33 4.900e+02
6 34 4.900e+02
7 35 4.900e+02
8 36 4.900e+02
9 37 4.900e+02
10 38 4.900e+02
11 39 4.900e+02
12 40 4.900e+02
13 41 4.900e+02
14 42 4.900e+02
15 43 4.900e+02
16 44 4.900e+02
17 45 4.900e+02
18 46 4.900e+02
19 47 4.900e+02
20 48 4.900e+02
21 49 4.900e+02
22 50 4.900e+02
23 51 4.900e+02
24 52 4.900e+02
25 53 4.900e+02
26 54 4.900e+02
27 55 4.900e+02
28 56 4.900e+02
29 57 4.900e+02
30 58 4.900e+02
31 59 4.900e+02
32 60 4.900e+02
33 61 4.900e+02
34 62 4.900e+02
35 63 4.900e+02
36 64 4.900e+02
37 65 4.900e+02
38 66 4.900e+02
39 67 4.900e+02
40 68 4.900e+02
41 69 4.900e+02
42 70 4.900e+02

28 ! TOTAL NUMBER OF NODES APPLIED WITH BC
1 1 3 0 1 2 3 0 0 0
2 2 3 0 1 2 3 0 0 0
3 3 3 0 1 2 3 0 0 0
4 4 3 0 1 2 3 0 0 0
5 5 3 0 1 2 3 0 0 0
6 6 3 0 1 2 3 0 0 0
7 7 3 0 1 2 3 0 0 0
8 8 3 0 1 2 3 0 0 0
9 9 3 0 1 2 3 0 0 0
10 10 3 0 1 2 3 0 0 0
11 11 3 0 1 2 3 0 0 0
12 12 3 0 1 2 3 0 0 0
13 13 3 0 1 2 3 0 0 0
14 14 3 0 1 2 3 0 0 0
15 15 3 0 1 2 3 0 0 0
16 16 3 0 1 2 3 0 0 0
17 17 3 0 1 2 3 0 0 0
18 18 3 0 1 2 3 0 0 0
19 19 3 0 1 2 3 0 0 0
20 20 3 0 1 2 3 0 0 0
21 21 3 0 1 2 3 0 0 0
22 22 3 0 1 2 3 0 0 0
23 23 3 0 1 2 3 0 0 0
24 24 3 0 1 2 3 0 0 0
25 25 3 0 1 2 3 0 0 0
26 26 3 0 1 2 3 0 0 0
27 27 3 0 1 2 3 0 0 0
28 28 3 0 1 2 3 0 0 0

28 ! NUMBER OF NODES USED FOR CALCULATING BASE SHEAR
1 2 3 4 5 6 7 8 9 10 11 12 13 14 15 16 17 18 19 20 21 22 23 24 25 26 27 28

1.000e-03 1.000e-03 1.000e-03
1.000e-03 1.000e-02 1.000e-04
