MODEL GENERATED BY PB3D
5 6 6
5 9
3

1
1
1
2.000e+00 3.000e-01
1.000e+00
KOBEEW.ACC
KOBENS.ACC

207 348 78 99 3 6

1 0.000e+00 0.000e+00 0.000e+00
2 9.100e+02 0.000e+00 0.000e+00
3 2.730e+03 0.000e+00 0.000e+00
4 3.640e+03 0.000e+00 0.000e+00
5 4.550e+03 0.000e+00 0.000e+00
6 7.280e+03 0.000e+00 0.000e+00
7 0.000e+00 9.100e+02 0.000e+00
8 2.730e+03 9.100e+02 0.000e+00
9 3.640e+03 9.100e+02 0.000e+00
10 4.550e+03 9.100e+02 0.000e+00
11 7.280e+03 9.100e+02 0.000e+00
12 4.550e+03 1.820e+03 0.000e+00
13 7.280e+03 1.820e+03 0.000e+00
14 0.000e+00 2.730e+03 0.000e+00
15 2.730e+03 2.730e+03 0.000e+00
16 7.280e+03 2.730e+03 0.000e+00
17 0.000e+00 3.640e+03 0.000e+00
18 2.730e+03 3.640e+03 0.000e+00
19 3.640e+03 3.640e+03 0.000e+00
20 4.550e+03 3.640e+03 0.000e+00
21 7.280e+03 3.640e+03 0.000e+00
22 0.000e+00 4.550e+03 0.000e+00
23 9.100e+02 4.550e+03 0.000e+00
24 2.730e+03 4.550e+03 0.000e+00
25 3.640e+03 4.550e+03 0.000e+00
26 4.550e+03 4.550e+03 0.000e+00
27 5.460e+03 4.550e+03 0.000e+00
28 6.370e+03 4.550e+03 0.000e+00
29 7.280e+03 4.550e+03 0.000e+00
30 0.000e+00 5.460e+03 0.000e+00
31 2.730e+03 5.460e+03 0.000e+00
32 3.640e+03 5.460e+03 0.000e+00
33 4.550e+03 5.460e+03 0.000e+00
34 5.460e+03 5.460e+03 0.000e+00
35 6.370e+03 5.460e+03 0.000e+00
36 7.280e+03 5.460e+03 0.000e+00
37 0.000e+00 6.370e+03 0.000e+00
38 2.730e+03 6.370e+03 0.000e+00
39 3.640e+03 6.370e+03 0.000e+00
40 4.550e+03 6.370e+03 0.000e+00
41 5.460e+03 6.370e+03 0.000e+00
42 7.280e+03 6.370e+03 0.000e+00
43 0.000e+00 7.280e+03 0.000e+00
44 9.100e+02 7.280e+03 0.000e+00
45 1.820e+03 7.280e+03 0.000e+00
46 2.730e+03 7.280e+03 0.000e+00
47 4.550e+03 7.280e+03 0.000e+00
48 5.460e+03 7.280e+03 0.000e+00
49 6.370e+03 7.280e+03 0.000e+00
50 7.280e+03 7.280e+03 0.000e+00
51 0.000e+00 0.000e+00 2.730e+03
52 9.100e+02 0.000e+00 2.730e+03
53 2.730e+03 0.000e+00 2.730e+03
54 3.640e+03 0.000e+00 2.730e+03
55 4.550e+03 0.000e+00 2.730e+03
56 7.280e+03 0.000e+00 2.730e+03
57 0.000e+00 9.100e+02 2.730e+03
58 2.730e+03 9.100e+02 2.730e+03
59 3.640e+03 9.100e+02 2.730e+03
60 4.550e+03 9.100e+02 2.730e+03
61 6.370e+03 9.100e+02 2.730e+03
62 7.280e+03 9.100e+02 2.730e+03
63 0.000e+00 1.820e+03 2.730e+03
64 2.730e+03 1.820e+03 2.730e+03
65 3.640e+03 1.820e+03 2.730e+03
66 4.550e+03 1.820e+03 2.730e+03
67 7.280e+03 1.820e+03 2.730e+03
68 0.000e+00 2.730e+03 2.730e+03
69 2.730e+03 2.730e+03 2.730e+03
70 3.640e+03 2.730e+03 2.730e+03
71 7.280e+03 2.730e+03 2.730e+03
72 0.000e+00 3.640e+03 2.730e+03
73 9.100e+02 3.640e+03 2.730e+03
74 1.820e+03 3.640e+03 2.730e+03
75 2.730e+03 3.640e+03 2.730e+03
76 3.640e+03 3.640e+03 2.730e+03
77 4.550e+03 3.640e+03 2.730e+03
78 5.460e+03 3.640e+03 2.730e+03
79 6.370e+03 3.640e+03 2.730e+03
80 7.280e+03 3.640e+03 2.730e+03
81 0.000e+00 4.550e+03 2.730e+03
82 9.100e+02 4.550e+03 2.730e+03
83 2.730e+03 4.550e+03 2.730e+03
84 3.640e+03 4.550e+03 2.730e+03
85 4.550e+03 4.550e+03 2.730e+03
86 5.460e+03 4.550e+03 2.730e+03
87 6.370e+03 4.550e+03 2.730e+03
88 7.280e+03 4.550e+03 2.730e+03
89 0.000e+00 5.460e+03 2.730e+03
90 2.730e+03 5.460e+03 2.730e+03
91 3.640e+03 5.460e+03 2.730e+03
92 4.550e+03 5.460e+03 2.730e+03
93 5.460e+03 5.460e+03 2.730e+03
94 6.370e+03 5.460e+03 2.730e+03
95 7.280e+03 5.460e+03 2.730e+03
96 0.000e+00 6.370e+03 2.730e+03
97 2.730e+03 6.370e+03 2.730e+03
98 3.640e+03 6.370e+03 2.730e+03
99 4.550e+03 6.370e+03 2.730e+03
100 5.460e+03 6.370e+03 2.730e+03
101 7.280e+03 6.370e+03 2.730e+03
102 0.000e+00 7.280e+03 2.730e+03
103 9.100e+02 7.280e+03 2.730e+03
104 1.820e+03 7.280e+03 2.730e+03
105 2.730e+03 7.280e+03 2.730e+03
106 3.640e+03 7.280e+03 2.730e+03
107 4.550e+03 7.280e+03 2.730e+03
108 5.460e+03 7.280e+03 2.730e+03
109 6.370e+03 7.280e+03 2.730e+03
110 7.280e+03 7.280e+03 2.730e+03
111 0.000e+00 0.000e+00 5.460e+03
112 9.100e+02 0.000e+00 5.460e+03
113 2.730e+03 0.000e+00 5.460e+03
114 4.550e+03 0.000e+00 5.460e+03
115 7.280e+03 0.000e+00 5.460e+03
116 0.000e+00 9.100e+02 5.460e+03
117 2.730e+03 9.100e+02 5.460e+03
118 3.640e+03 9.100e+02 5.460e+03
119 4.550e+03 9.100e+02 5.460e+03
120 6.370e+03 9.100e+02 5.460e+03
121 7.280e+03 9.100e+02 5.460e+03
122 0.000e+00 1.820e+03 5.460e+03
123 2.730e+03 1.820e+03 5.460e+03
124 7.280e+03 1.820e+03 5.460e+03
125 0.000e+00 2.730e+03 5.460e+03
126 2.730e+03 2.730e+03 5.460e+03
127 3.640e+03 2.730e+03 5.460e+03
128 4.550e+03 2.730e+03 5.460e+03
129 7.280e+03 2.730e+03 5.460e+03
130 0.000e+00 3.640e+03 5.460e+03
131 9.100e+02 3.640e+03 5.460e+03
132 1.820e+03 3.640e+03 5.460e+03
133 2.730e+03 3.640e+03 5.460e+03
134 3.640e+03 3.640e+03 5.460e+03
135 4.550e+03 3.640e+03 5.460e+03
136 5.460e+03 3.640e+03 5.460e+03
137 6.370e+03 3.640e+03 5.460e+03
138 7.280e+03 3.640e+03 5.460e+03
139 0.000e+00 4.550e+03 5.460e+03
140 2.730e+03 4.550e+03 5.460e+03
141 3.640e+03 4.550e+03 5.460e+03
142 4.550e+03 4.550e+03 5.460e+03
143 5.460e+03 4.550e+03 5.460e+03
144 7.280e+03 4.550e+03 5.460e+03
145 0.000e+00 5.460e+03 5.460e+03
146 2.730e+03 5.460e+03 5.460e+03
147 3.640e+03 5.460e+03 5.460e+03
148 4.550e+03 5.460e+03 5.460e+03
149 5.460e+03 5.460e+03 5.460e+03
150 7.280e+03 5.460e+03 5.460e+03
151 0.000e+00 6.370e+03 5.460e+03
152 3.640e+03 6.370e+03 5.460e+03
153 5.460e+03 6.370e+03 5.460e+03
154 7.280e+03 6.370e+03 5.460e+03
155 0.000e+00 7.280e+03 5.460e+03
156 9.100e+02 7.280e+03 5.460e+03
157 1.820e+03 7.280e+03 5.460e+03
158 2.730e+03 7.280e+03 5.460e+03
159 4.550e+03 7.280e+03 5.460e+03
160 5.460e+03 7.280e+03 5.460e+03
161 6.370e+03 7.280e+03 5.460e+03
162 7.280e+03 7.280e+03 5.460e+03
163 0.000e+00 0.000e+00 8.190e+03
164 9.100e+02 0.000e+00 8.190e+03
165 2.730e+03 0.000e+00 8.190e+03
166 7.280e+03 0.000e+00 8.190e+03
167 0.000e+00 9.100e+02 8.190e+03
168 2.730e+03 9.100e+02 8.190e+03
169 3.640e+03 9.100e+02 8.190e+03
170 5.460e+03 9.100e+02 8.190e+03
171 6.370e+03 9.100e+02 8.190e+03
172 7.280e+03 9.100e+02 8.190e+03
173 0.000e+00 1.820e+03 8.190e+03
174 7.280e+03 1.820e+03 8.190e+03
175 0.000e+00 2.730e+03 8.190e+03
176 2.730e+03 2.730e+03 8.190e+03
177 3.640e+03 2.730e+03 8.190e+03
178 5.460e+03 2.730e+03 8.190e+03
179 7.280e+03 2.730e+03 8.190e+03
180 0.000e+00 3.640e+03 8.190e+03
181 1.820e+03 3.640e+03 8.190e+03
182 2.730e+03 3.640e+03 8.190e+03
183 7.280e+03 3.640e+03 8.190e+03
184 0.000e+00 4.550e+03 8.190e+03
185 2.730e+03 4.550e+03 8.190e+03
186 3.640e+03 4.550e+03 8.190e+03
187 4.550e+03 4.550e+03 8.190e+03
188 5.460e+03 4.550e+03 8.190e+03
189 7.280e+03 4.550e+03 8.190e+03
190 0.000e+00 5.460e+03 8.190e+03
191 2.730e+03 5.460e+03 8.190e+03
192 3.640e+03 5.460e+03 8.190e+03
193 4.550e+03 5.460e+03 8.190e+03
194 0.000e+00 6.370e+03 8.190e+03
195 2.730e+03 6.370e+03 8.190e+03
196 3.640e+03 6.370e+03 8.190e+03
197 4.550e+03 6.370e+03 8.190e+03
198 5.460e+03 6.370e+03 8.190e+03
199 7.280e+03 6.370e+03 8.190e+03
200 0.000e+00 7.280e+03 8.190e+03
201 9.100e+02 7.280e+03 8.190e+03
202 2.730e+03 7.280e+03 8.190e+03
203 4.550e+03 7.280e+03 8.190e+03
204 5.460e+03 7.280e+03 8.190e+03
205 6.370e+03 7.280e+03 8.190e+03
206 7.280e+03 7.280e+03 8.190e+03
207 5.460e+03 0.000e+00 8.190e+03

1 1.200e+01 5.000e-01 1.050e+02 1.050e+02
1 1.200e+01 5.000e-01 3.300e+02 1.050e+02
1 1.200e+01 5.000e-01 4.500e+01 4.500e+01

3.000e+02 5.500e+00 2.000e+02 4.500e-01 5.000e+00 1.500e+02
3.600e+00 5.000e-03 1.300e+00 3.000e-01 7.000e+01 2.000e-01
1.000e+00 2.000e+03 2.000e+00 2.000e+03 1.000e+03 0.000e+00

2.900e+02 5.500e+00 2.000e+02 4.500e-01 5.000e+00 1.350e+02
1.000e+00 2.000e-02 1.150e+00 2.000e-01 6.000e+01 3.000e-01
1.000e+00 2.000e+03 2.000e+00 2.000e+03 1.000e+03 0.000e+00

2.800e+02 4.500e+00 2.000e+02 4.500e-01 5.000e+00 1.350e+02
2.500e-01 2.000e-03 1.600e+00 5.000e-02 5.000e+01 3.000e-01
1.000e+00 2.000e+03 2.000e+00 2.000e+03 1.000e+03 0.000e+00

2.700e+02 5.000e+00 2.000e+02 4.500e-01 5.000e+00 1.350e+02
5.000e-01 5.000e-03 1.600e+00 1.000e-01 5.000e+01 3.000e-01
1.000e+00 2.000e+03 2.000e+00 2.000e+03 1.000e+03 0.000e+00

2.600e+02 5.500e+00 2.000e+02 4.500e-01 5.000e+00 1.500e+02
1.200e+00 5.000e-03 1.300e+00 2.000e-01 7.500e+01 3.000e-01
1.000e+00 2.000e+03 2.000e+00 2.000e+03 1.000e+03 0.000e+00

2.500e+02 6.000e+00 2.000e+02 4.500e-01 5.000e+00 1.500e+02
2.500e+00 1.000e-02 1.300e+00 3.000e-01 7.500e+01 3.000e-01
1.000e+00 2.000e+03 2.000e+00 2.000e+03 1.000e+03 0.000e+00

1 1 1 51 1
2 1 2 52 1
3 1 3 53 1
4 1 4 54 1
5 1 5 55 1
6 1 6 56 1
7 1 7 57 1
8 1 8 58 1
9 1 9 59 1
10 1 10 60 1
11 1 11 62 1
12 1 12 66 1
13 1 13 67 1
14 1 14 68 1
15 1 15 69 1
16 1 16 71 1
17 1 17 72 1
18 1 18 75 1
19 1 19 76 1
20 1 20 77 1
21 1 21 80 1
22 1 22 81 1
23 1 23 82 1
24 1 24 83 1
25 1 25 84 1
26 1 26 85 1
27 1 27 86 1
28 1 28 87 1
29 1 29 88 1
30 1 30 89 1
31 1 31 90 1
32 1 32 91 1
33 1 33 92 1
34 1 34 93 1
35 1 35 94 1
36 1 36 95 1
37 1 37 96 1
38 1 38 97 1
39 1 39 98 1
40 1 40 99 1
41 1 41 100 1
42 1 42 101 1
43 1 43 102 1
44 1 44 103 1
45 1 45 104 1
46 1 46 105 1
47 1 47 107 1
48 1 48 108 1
49 1 49 109 1
50 1 50 110 1
51 1 51 111 1
52 1 52 112 1
53 1 53 113 1
54 1 57 116 1
55 1 58 117 1
56 1 59 118 1
57 1 61 120 1
58 1 62 121 1
59 1 64 123 1
60 1 67 124 1
61 1 68 125 1
62 1 71 129 1
63 1 72 130 1
64 1 73 131 1
65 1 74 132 1
66 1 75 133 1
67 1 78 136 1
68 1 79 137 1
69 1 80 138 1
70 1 81 139 1
71 1 83 140 1
72 1 84 141 1
73 1 86 143 1
74 1 88 144 1
75 1 89 145 1
76 1 90 146 1
77 1 91 147 1
78 1 92 148 1
79 1 95 150 1
80 1 96 151 1
81 1 98 152 1
82 1 100 153 1
83 1 101 154 1
84 1 102 155 1
85 1 103 156 1
86 1 104 157 1
87 1 105 158 1
88 1 107 159 1
89 1 108 160 1
90 1 109 161 1
91 1 110 162 1
92 1 111 163 1
93 1 112 164 1
94 1 113 165 1
95 1 116 167 1
96 1 117 168 1
97 1 118 169 1
98 1 120 171 1
99 1 121 172 1
100 1 122 173 1
101 1 124 174 1
102 1 126 176 1
103 1 127 177 1
104 1 129 179 1
105 1 130 180 1
106 1 132 181 1
107 1 133 182 1
108 1 138 183 1
109 1 139 184 1
110 1 140 185 1
111 1 141 186 1
112 1 142 187 1
113 1 143 188 1
114 1 144 189 1
115 1 145 190 1
116 1 146 191 1
117 1 147 192 1
118 1 148 193 1
119 1 151 194 1
120 1 153 198 1
121 1 154 199 1
122 1 155 200 1
123 1 156 201 1
124 1 158 202 1
125 1 159 203 1
126 1 160 204 1
127 1 161 205 1
128 1 162 206 1
129 1 51 52 2
130 1 52 53 2
131 1 53 54 2
132 1 54 55 2
133 1 55 56 2
134 1 51 57 2
135 1 53 58 2
136 1 55 60 2
137 1 56 62 2
138 1 58 59 2
139 1 59 60 2
140 1 60 61 2
141 1 61 62 2
142 1 57 63 2
143 1 58 64 2
144 1 60 66 2
145 1 62 67 2
146 1 63 64 2
147 1 64 65 2
148 1 65 66 2
149 1 66 67 2
150 1 63 68 2
151 1 64 69 2
152 1 65 70 2
153 1 66 77 2
154 1 67 71 2
155 1 68 72 2
156 1 69 75 2
157 1 70 76 2
158 1 71 80 2
159 1 72 73 2
160 1 73 74 2
161 1 74 75 2
162 1 75 76 2
163 1 76 77 2
164 1 77 78 2
165 1 78 79 2
166 1 79 80 2
167 1 72 81 2
168 1 75 83 2
169 1 77 85 2
170 1 78 86 2
171 1 80 88 2
172 1 81 82 2
173 1 82 83 2
174 1 83 84 2
175 1 84 85 2
176 1 85 86 2
177 1 86 87 2
178 1 87 88 2
179 1 81 89 2
180 1 83 90 2
181 1 85 92 2
182 1 86 93 2
183 1 88 95 2
184 1 90 91 2
185 1 91 92 2
186 1 92 93 2
187 1 93 94 2
188 1 94 95 2
189 1 89 96 2
190 1 90 97 2
191 1 91 98 2
192 1 92 99 2
193 1 93 100 2
194 1 95 101 2
195 1 99 100 2
196 1 100 101 2
197 1 96 102 2
198 1 97 105 2
199 1 99 107 2
200 1 100 108 2
201 1 101 110 2
202 1 102 103 2
203 1 103 104 2
204 1 104 105 2
205 1 105 106 2
206 1 106 107 2
207 1 107 108 2
208 1 108 109 2
209 1 109 110 2
210 1 111 112 2
211 1 112 113 2
212 1 113 114 2
213 1 114 115 2
214 1 111 116 2
215 1 113 117 2
216 1 114 119 2
217 1 115 121 2
218 1 117 118 2
219 1 118 119 2
220 1 119 120 2
221 1 120 121 2
222 1 116 122 2
223 1 117 123 2
224 1 118 127 2
225 1 119 128 2
226 1 121 124 2
227 1 122 123 2
228 1 122 125 2
229 1 123 126 2
230 1 124 129 2
231 1 126 127 2
232 1 127 128 2
233 1 128 129 2
234 1 125 130 2
235 1 126 133 2
236 1 127 134 2
237 1 128 135 2
238 1 129 138 2
239 1 130 131 2
240 1 131 132 2
241 1 132 133 2
242 1 133 134 2
243 1 134 135 2
244 1 135 136 2
245 1 136 137 2
246 1 137 138 2
247 1 130 139 2
248 1 133 140 2
249 1 134 141 2
250 1 135 142 2
251 1 138 144 2
252 1 140 141 2
253 1 141 142 2
254 1 142 143 2
255 1 143 144 2
256 1 139 145 2
257 1 140 146 2
258 1 142 148 2
259 1 143 149 2
260 1 144 150 2
261 1 145 146 2
262 1 146 147 2
263 1 147 148 2
264 1 148 149 2
265 1 149 150 2
266 1 145 151 2
267 1 146 158 2
268 1 147 152 2
269 1 148 159 2
270 1 149 153 2
271 1 150 154 2
272 1 151 155 2
273 1 153 160 2
274 1 153 154 2
275 1 154 162 2
276 1 155 156 2
277 1 156 157 2
278 1 157 158 2
279 1 158 159 2
280 1 159 160 2
281 1 160 161 2
282 1 161 162 2
283 1 136 143 2
284 1 163 164 2
285 1 164 165 2
286 1 165 207 2
287 1 207 166 2
288 1 163 167 2
289 1 165 168 2
290 1 207 170 2
291 1 166 172 2
292 1 167 168 2
293 1 168 169 2
294 1 169 170 2
295 1 170 171 2
296 1 171 172 2
297 1 167 173 2
298 1 173 175 2
299 1 168 176 2
300 1 169 177 2
301 1 170 178 2
302 1 172 174 2
303 1 174 179 2
304 1 175 176 2
305 1 176 177 2
306 1 177 178 2
307 1 178 179 2
308 1 175 180 2
309 1 180 184 2
310 1 176 182 2
311 1 182 185 2
312 1 177 186 2
313 1 178 188 2
314 1 179 183 2
315 1 183 189 2
316 1 180 181 2
317 1 181 182 2
318 1 184 185 2
319 1 185 186 2
320 1 186 187 2
321 1 187 188 2
322 1 188 189 2
323 1 184 190 2
324 1 190 194 2
325 1 185 191 2
326 1 191 195 2
327 1 186 192 2
328 1 192 196 2
329 1 187 193 2
330 1 193 197 2
331 1 188 198 2
332 1 189 199 2
333 1 194 195 2
334 1 195 196 2
335 1 196 197 2
336 1 197 198 2
337 1 198 199 2
338 1 194 200 2
339 1 195 202 2
340 1 197 203 2
341 1 198 204 2
342 1 199 206 2
343 1 200 201 2
344 1 201 202 2
345 1 202 203 2
346 1 203 204 2
347 1 204 205 2
348 1 205 206 2

349 2 51 64 3
350 2 63 53 3
351 2 63 75 3
352 2 72 64 3
353 2 72 90 3
354 2 89 75 3
355 2 89 105 3
356 2 102 90 3
357 2 53 66 3
358 2 64 55 3
359 2 64 77 3
360 2 75 66 3
361 2 75 92 3
362 2 90 77 3
363 2 55 67 3
364 2 66 56 3
365 2 66 80 3
366 2 77 67 3
367 2 77 95 3
368 2 92 80 3
369 2 92 110 3
370 2 107 95 3
371 2 111 123 3
372 2 122 113 3
373 2 122 133 3
374 2 130 123 3
375 2 130 146 3
376 2 145 133 3
377 2 145 158 3
378 2 155 146 3
379 2 113 119 3
380 2 117 114 3
381 2 117 128 3
382 2 126 119 3
383 2 126 142 3
384 2 140 128 3
385 2 140 148 3
386 2 146 142 3
387 2 114 121 3
388 2 119 115 3
389 2 119 129 3
390 2 128 121 3
391 2 128 144 3
392 2 142 129 3
393 2 142 150 3
394 2 148 144 3
395 2 148 162 3
396 2 159 150 3
397 2 163 168 3
398 2 167 165 3
399 2 167 176 3
400 2 175 168 3
401 2 175 185 3
402 2 184 176 3
403 2 184 191 3
404 2 190 185 3
405 2 190 202 3
406 2 200 191 3
407 2 165 170 3
408 2 168 207 3
409 2 168 178 3
410 2 176 170 3
411 2 176 188 3
412 2 185 178 3
413 2 185 198 3
414 2 195 188 3
415 2 195 204 3
416 2 202 198 3
417 2 207 172 3
418 2 170 166 3
419 2 170 179 3
420 2 178 172 3
421 2 178 189 3
422 2 188 179 3
423 2 188 199 3
424 2 198 189 3
425 2 198 206 3
426 2 204 199 3

427 1 52 1 1
428 5 55 5 1
429 9 60 1 1
430 18 76 2 1
431 22 82 2 1
432 23 83 4 1
433 24 84 2 1
434 27 87 5 1
435 28 88 1 1
436 31 91 3 1
437 34 94 3 1
438 35 95 2 1
439 43 103 1 1
440 45 105 1 1
441 46 107 6 1
442 47 108 1 1
443 49 110 1 1
444 1 57 1 2
445 14 72 5 2
446 17 81 1 2
447 22 89 5 2
448 37 102 1 2
449 3 58 5 2
450 8 69 4 2
451 38 105 2 2
452 32 98 3 2
453 10 66 1 2
454 12 77 6 2
455 20 85 5 2
456 33 99 3 2
457 40 107 2 2
458 41 108 3 2
459 6 62 1 2
460 13 71 1 2
461 21 88 1 2
462 36 101 1 2
463 42 110 1 2
464 51 112 1 1
465 58 118 5 1
466 61 121 1 1
467 72 131 2 1
468 73 132 3 1
469 74 133 2 1
470 79 138 2 1
471 83 141 3 1
472 90 147 3 1
473 100 154 4 1
474 102 156 1 1
475 104 158 5 1
476 107 160 1 1
477 109 162 1 1
478 51 116 1 2
479 68 130 5 2
480 72 139 1 2
481 81 145 5 2
482 96 155 1 2
483 53 117 1 2
484 58 123 2 2
485 75 140 3 2
486 90 158 4 2
487 91 152 3 2
488 92 159 4 2
489 78 143 3 2
490 86 153 4 2
491 62 124 1 2
492 71 138 1 2
493 80 144 5 2
494 95 154 5 2
495 101 162 1 2
496 111 164 1 1
497 117 169 5 1
498 120 172 1 1
499 126 177 3 1
500 130 181 4 1
501 132 182 3 1
502 141 187 3 1
503 147 193 3 1
504 153 199 4 1
505 155 201 1 1
506 156 202 6 1
507 159 204 1 1
508 161 206 1 1
509 111 167 1 2
510 122 180 6 2
511 130 184 1 2
512 145 194 5 2
513 151 200 1 2
514 113 168 1 2
515 133 185 3 2
516 146 202 4 2
517 118 177 4 2
518 127 186 4 2
519 148 203 4 2
520 143 198 4 2
521 121 174 1 2
522 129 183 5 2
523 138 189 1 2
524 144 199 6 2
525 154 206 1 2

157 ! TOTAL NUMBER OF NODES APPILED WITH MASS
1 51 9.760e+01
2 52 2.928e+02
3 53 2.928e+02
4 54 1.952e+02
5 55 3.904e+02
6 56 2.928e+02
7 57 2.928e+02
8 58 3.904e+02
9 59 1.952e+02
10 60 2.928e+02
11 61 2.928e+02
12 62 9.760e+01
13 63 2.928e+02
14 64 3.904e+02
15 65 1.952e+02
16 66 3.904e+02
17 67 2.928e+02
18 68 1.464e+02
19 69 1.952e+02
20 70 2.440e+02
21 71 1.952e+02
22 72 9.760e+01
23 73 1.952e+02
24 74 1.952e+02
25 75 1.952e+02
26 76 1.952e+02
27 77 1.952e+02
28 78 1.952e+02
29 79 1.952e+02
30 80 9.760e+01
31 81 4.880e+01
32 82 1.464e+02
33 83 1.464e+02
34 84 9.760e+01
35 85 9.760e+01
36 86 9.760e+01
37 87 9.760e+01
38 88 4.880e+01
39 89 2.928e+02
40 90 3.904e+02
41 91 1.952e+02
42 92 1.952e+02
43 93 1.952e+02
44 94 1.952e+02
45 95 9.760e+01
46 96 2.928e+02
47 97 3.904e+02
48 98 1.952e+02
49 99 1.952e+02
50 100 2.928e+02
51 101 1.952e+02
52 102 9.760e+01
53 103 1.952e+02
54 104 1.952e+02
55 105 1.952e+02
56 106 1.952e+02
57 107 1.952e+02
58 108 1.952e+02
59 109 1.952e+02
60 110 9.760e+01
61 111 9.640e+01
62 112 2.890e+02
63 113 3.853e+02
64 114 4.816e+02
65 115 2.890e+02
66 116 2.890e+02
67 117 3.853e+02
68 118 1.926e+02
69 119 2.890e+02
70 120 2.890e+02
71 121 9.640e+01
72 122 2.890e+02
73 123 7.706e+02
74 124 4.816e+02
75 125 1.444e+02
76 126 1.926e+02
77 127 9.640e+01
78 128 1.926e+02
79 129 1.444e+02
80 130 9.640e+01
81 131 1.926e+02
82 132 1.926e+02
83 133 1.926e+02
84 134 1.926e+02
85 135 1.926e+02
86 136 1.926e+02
87 137 1.926e+02
88 138 9.640e+01
89 139 1.444e+02
90 140 1.926e+02
91 141 9.640e+01
92 142 9.640e+01
93 143 1.444e+02
94 144 9.640e+01
95 145 2.890e+02
96 146 3.853e+02
97 147 1.926e+02
98 148 1.926e+02
99 149 2.890e+02
100 150 1.926e+02
101 151 3.853e+02
102 152 5.780e+02
103 153 3.853e+02
104 154 1.926e+02
105 155 9.640e+01
106 156 1.926e+02
107 157 1.926e+02
108 158 2.890e+02
109 159 2.890e+02
110 160 1.926e+02
111 161 1.926e+02
112 162 9.640e+01
113 163 3.400e+01
114 164 1.022e+02
115 165 1.702e+02
116 166 6.800e+01
117 167 2.042e+02
118 168 2.722e+02
119 169 2.042e+02
120 170 2.042e+02
121 171 1.362e+02
122 172 6.800e+01
123 173 5.446e+02
124 174 5.446e+02
125 175 2.042e+02
126 176 2.722e+02
127 177 2.042e+02
128 178 2.722e+02
129 179 1.362e+02
130 180 1.362e+02
131 181 2.042e+02
132 182 4.084e+02
133 183 3.404e+02
134 184 2.042e+02
135 185 2.722e+02
136 186 1.362e+02
137 187 1.362e+02
138 188 2.042e+02
139 189 1.362e+02
140 190 2.042e+02
141 191 2.722e+02
142 192 1.362e+02
143 193 4.765e+02
144 194 2.042e+02
145 195 2.722e+02
146 196 1.362e+02
147 197 1.362e+02
148 198 2.042e+02
149 199 1.362e+02
150 200 3.400e+01
151 201 1.022e+02
152 202 1.362e+02
153 203 1.022e+02
154 204 6.800e+01
155 205 6.800e+01
156 206 3.400e+01
157 207 1.702e+02

50 ! TOTAL NUMBER OF NODES APPLIED WITH BC
1 1 3 0 1 2 3 0 0 0
2 2 3 0 1 2 3 0 0 0
3 3 3 0 1 2 3 0 0 0
4 4 3 0 1 2 3 0 0 0
5 5 3 0 1 2 3 0 0 0
6 6 3 0 1 2 3 0 0 0
7 7 3 0 1 2 3 0 0 0
8 8 3 0 1 2 3 0 0 0
9 9 3 0 1 2 3 0 0 0
10 10 3 0 1 2 3 0 0 0
11 11 3 0 1 2 3 0 0 0
12 12 3 0 1 2 3 0 0 0
13 13 3 0 1 2 3 0 0 0
14 14 3 0 1 2 3 0 0 0
15 15 3 0 1 2 3 0 0 0
16 16 3 0 1 2 3 0 0 0
17 17 3 0 1 2 3 0 0 0
18 18 3 0 1 2 3 0 0 0
19 19 3 0 1 2 3 0 0 0
20 20 3 0 1 2 3 0 0 0
21 21 3 0 1 2 3 0 0 0
22 22 3 0 1 2 3 0 0 0
23 23 3 0 1 2 3 0 0 0
24 24 3 0 1 2 3 0 0 0
25 25 3 0 1 2 3 0 0 0
26 26 3 0 1 2 3 0 0 0
27 27 3 0 1 2 3 0 0 0
28 28 3 0 1 2 3 0 0 0
29 29 3 0 1 2 3 0 0 0
30 30 3 0 1 2 3 0 0 0
31 31 3 0 1 2 3 0 0 0
32 32 3 0 1 2 3 0 0 0
33 33 3 0 1 2 3 0 0 0
34 34 3 0 1 2 3 0 0 0
35 35 3 0 1 2 3 0 0 0
36 36 3 0 1 2 3 0 0 0
37 37 3 0 1 2 3 0 0 0
38 38 3 0 1 2 3 0 0 0
39 39 3 0 1 2 3 0 0 0
40 40 3 0 1 2 3 0 0 0
41 41 3 0 1 2 3 0 0 0
42 42 3 0 1 2 3 0 0 0
43 43 3 0 1 2 3 0 0 0
44 44 3 0 1 2 3 0 0 0
45 45 3 0 1 2 3 0 0 0
46 46 3 0 1 2 3 0 0 0
47 47 3 0 1 2 3 0 0 0
48 48 3 0 1 2 3 0 0 0
49 49 3 0 1 2 3 0 0 0
50 50 3 0 1 2 3 0 0 0

50 ! NUMBER OF NODES USED FOR CALCULATING BASE SHEAR
1 2 3 4 5 6 7 8 9 10 11 12 13 14 15 16 17 18 19 20 21 22 23 24 25 26 27 28 29 30 31 32 33 34 35 36 37 38 39 40 41 42 43 44 45 46 47 48 49 50

1.000e-03 1.000e-03 1.000e-03
1.000e-03 1.000e-02 1.000e-04
